N = 8
kappa: 65.67313614715894
kappa: 25.634494940706347
generate matrix time spent: 0.033907413482666016
==================================
A:
[[-0.02050092 -0.24710258 -0.51342348 ... -0.24910042 -0.24977529
  -0.78245385]
 [-0.24710258 -0.51342348  0.6417844  ... -0.24977529 -0.78245385
  -0.02050092]
 [-0.51342348  0.6417844   0.97287419 ... -0.78245385 -0.02050092
  -0.24710258]
 ...
 [-0.24910042 -0.24977529 -0.78245385 ... -0.72136221 -0.92972411
  -0.37237619]
 [-0.24977529 -0.78245385 -0.02050092 ... -0.92972411 -0.37237619
  -0.24910042]
 [-0.78245385 -0.02050092 -0.24710258 ... -0.37237619 -0.24910042
  -0.24977529]]
kappa: 25.634494940706393
QSVT spends: 0.13097643852233887 sec
prepare circuit spends: 0.13109111785888672 sec
==================================
prepare state snapshot spends: 0.10248160362243652 sec
number of qubits: 10
post-measurement state: Statevector([-0.0116145 +4.15853236e-19j,  0.01902925-1.21947787e-19j,
              0.11006153-6.08869963e-19j, ...,  0.        +0.00000000e+00j,
              0.        +0.00000000e+00j,  0.        +0.00000000e+00j],
            dims=(2, 2, 2, 2, 2, 2, 2, 2, 2, 2))
post-selection spends: 0.0013239383697509766 sec
res: [ 0.09273782 -0.009598   -0.14783266  0.06039189  0.03198581 -0.02425304
  0.07010584  0.06760144 -0.02498178  0.06237424 -0.09559061  0.06585889
 -0.03232359  0.06827951  0.0602082   0.0672209  -0.077654    0.07679302
 -0.00920679  0.08868876 -0.02116158 -0.09264488  0.04608253  0.022291
  0.0050776   0.15309288  0.00985116 -0.08723026 -0.05407736 -0.00733947
  0.05380049  0.02332314  0.08046879 -0.09564817 -0.05527707 -0.04018565
 -0.0296638   0.03639273  0.00738744 -0.07623775  0.038201    0.02021005
 -0.02141009  0.06659408  0.06001715 -0.07315448 -0.0519912   0.03512537
  0.06319613 -0.04305174  0.02373077  0.04925385 -0.04075562 -0.07972716
  0.02077307  0.02668486 -0.0188669  -0.08832819 -0.0265689   0.06273521
  0.02156365 -0.04093066 -0.03776789  0.05542256 -0.07130575  0.01531437
  0.12348656 -0.06470097 -0.1461852   0.02396479 -0.09910032 -0.02121482
  0.05378066 -0.01182814  0.0031164  -0.09837425 -0.02309039  0.05255056
  0.08496837  0.0202174  -0.00106594 -0.05193078 -0.02266754  0.02711826
  0.06028131  0.06269383  0.00718283 -0.03871292 -0.01237626  0.03517877
 -0.07148583 -0.02440656  0.02542252 -0.10306559  0.0052321   0.04736153
  0.03699034  0.02290662  0.11222793 -0.07734807 -0.06301319 -0.01820134
  0.08919385 -0.04326924  0.00997675 -0.08329765 -0.00895577  0.04646949
 -0.03955405 -0.02607808  0.03447184 -0.11058736 -0.0337282   0.06590735
  0.02778999  0.09011366 -0.06694171  0.03701531  0.01600084 -0.08464039
  0.13866847  0.07783423 -0.07519671 -0.04590509 -0.02433234 -0.00478534
  0.01419781 -0.06440192 -0.01651047 -0.02555479  0.01362495  0.00233229
  0.0469221   0.04897528  0.00026043  0.00043767  0.07050019 -0.05142082
  0.00346366  0.01452045 -0.02697867 -0.05283991 -0.05042749  0.07083359
  0.03054292 -0.05543861  0.05525015 -0.12088244 -0.10008273 -0.00487599
  0.0184849   0.02218219 -0.00490534 -0.03100145  0.1178617   0.02494541
  0.12538644 -0.02998125  0.00847461  0.02853619 -0.1029245   0.07476614
 -0.03918828 -0.03406396 -0.02033056 -0.03938876 -0.06266193  0.09008849
 -0.02039467  0.07640966 -0.08139391 -0.09518529  0.06430068  0.04911835
 -0.02604009  0.06204247  0.00413557 -0.06175303  0.01507901 -0.02489308
  0.04496463 -0.05751504 -0.01252697 -0.03631825 -0.05066455 -0.07347737
 -0.00503623  0.08090742 -0.08569968 -0.02196767  0.10878667  0.01923385
 -0.00477205  0.01426486  0.02940459  0.01151778  0.04784716 -0.01048452
  0.07520548 -0.08428998 -0.10795603 -0.03643338  0.01633275 -0.03944718
  0.04658522  0.02373536 -0.02227679 -0.07483972  0.01816143  0.06678306
  0.01244232 -0.06077914  0.03738912  0.05673847 -0.17256342  0.17329763
  0.02429481 -0.10541843 -0.05156384 -0.04270376 -0.11407037  0.08086274
 -0.03029927 -0.02266249 -0.00147306 -0.00868585 -0.06943282  0.12443483
  0.02197262 -0.01795231  0.1309463   0.06616799 -0.06320458  0.02733426
  0.13816723 -0.11578779  0.00774046 -0.02663225  0.03557303 -0.02853224
  0.02237054  0.07974703 -0.05674928 -0.10356228  0.12198088  0.05123153
 -0.01064579 -0.01093667 -0.06146117  0.07533479  0.00753187 -0.12210971
  0.05218447  0.02243076 -0.10053195 -0.13154818]
==================================
kappa: 25.634494940706393
total_variation (exact): 0.5034337122378753
==================================
qc depth: 486
transpilation spends: 0.12344980239868164 sec
transpiled qc depth: 727
run job spends: 0.008581876754760742 sec
total var. (exact) time spent: 0.00037097930908203125
kappa: 25.634494940706393
total_variation (exp): 4.507275195912451
==================================
total execution time (exclude snapshot): 0.2631227970123291
