N = 11
kappa: 289.9664607125887
kappa: 130.11180900492
kappa: 124.39355937655368
kappa: 260.6251784134954
kappa: 86.2050878465581
kappa: 71.0893220824103
kappa: 99.91520492239174
kappa: 436.56494485693497
kappa: 91.10359740849643
kappa: 299.4868974752638
kappa: 124.18147451368905
kappa: 73.16461066880899
kappa: 78.80735792149413
kappa: 57.35111333530189
kappa: 88.3669076989174
kappa: 683.99875138191
kappa: 176.24152725155818
kappa: 229.63811148880848
kappa: 143.03528747695665
kappa: 80.49019511238016
kappa: 435.80975434595996
kappa: 145.95404957914604
kappa: 39.07806631941113
generate matrix time spent: 73.73762440681458
==================================
A:
[[-0.31116501  0.94181227  0.45223143 ...  0.90103149 -0.18147092
   0.07244886]
 [ 0.94181227  0.45223143  0.37849153 ... -0.18147092  0.07244886
  -0.31116501]
 [ 0.45223143  0.37849153 -0.77671501 ...  0.07244886 -0.31116501
   0.94181227]
 ...
 [ 0.90103149 -0.18147092  0.07244886 ...  0.80639903 -0.08189866
   0.2628671 ]
 [-0.18147092  0.07244886 -0.31116501 ... -0.08189866  0.2628671
   0.90103149]
 [ 0.07244886 -0.31116501  0.94181227 ...  0.2628671   0.90103149
  -0.18147092]]
kappa: 39.07806631941114
QSVT spends: 37.239264249801636 sec
prepare circuit spends: 37.25323820114136 sec
==================================
prepare state snapshot spends: 12.247649908065796 sec
number of qubits: 13
post-measurement state: Statevector([ 0.0153215 -1.93877336e-19j, -0.03625757+4.98019214e-19j,
             -0.01152888-6.01142872e-19j, ...,  0.        +0.00000000e+00j,
              0.        +0.00000000e+00j,  0.        +0.00000000e+00j],
            dims=(2, 2, 2, 2, 2, 2, 2, 2, 2, 2, 2, 2, 2))
post-selection spends: 0.0026085376739501953 sec
res: [-0.0279657   0.03166533 -0.02722435 ... -0.00610438  0.00600754
  0.01159011]
==================================
kappa: 39.07806631941114
total_variation (exact): 0.5324201630826457
==================================
qc depth: 486
transpilation spends: 0.28347158432006836 sec
transpiled qc depth: 727
run job spends: 0.6309361457824707 sec
total var. (exact) time spent: 0.0016491413116455078
kappa: 39.07806631941114
total_variation (exp): 14.008919985092128
==================================
total execution time (exclude snapshot): 38.1676459312439
