N = 10
kappa: 67.97491455897416
kappa: 51.546248211088866
kappa: 128.30589284877507
kappa: 75.28917360280732
kappa: 42.2511243716837
generate matrix time spent: 2.4403035640716553
==================================
A:
[[-0.51389937  0.1412629   0.67368844 ... -0.69392273 -0.43487026
  -0.64917343]
 [ 0.1412629   0.67368844  0.3176767  ... -0.43487026 -0.64917343
  -0.51389937]
 [ 0.67368844  0.3176767  -0.99927381 ... -0.64917343 -0.51389937
   0.1412629 ]
 ...
 [-0.69392273 -0.43487026 -0.64917343 ... -0.96652281  0.0870547
  -0.0449406 ]
 [-0.43487026 -0.64917343 -0.51389937 ...  0.0870547  -0.0449406
  -0.69392273]
 [-0.64917343 -0.51389937  0.1412629  ... -0.0449406  -0.69392273
  -0.43487026]]
kappa: 42.25112437168371
QSVT spends: 5.1403021812438965 sec
prepare circuit spends: 5.1441121101379395 sec
==================================
prepare state snapshot spends: 3.365466833114624 sec
number of qubits: 12
post-measurement state: Statevector([ 0.03185201+7.90776720e-19j, -0.00710598+2.75436198e-19j,
             -0.03045153+6.96266954e-21j, ...,  0.        +0.00000000e+00j,
              0.        +0.00000000e+00j,  0.        +0.00000000e+00j],
            dims=(2, 2, 2, 2, 2, 2, 2, 2, 2, 2, 2, 2))
post-selection spends: 0.0024862289428710938 sec
res: [ 0.00987037 -0.02337696  0.01883468 ...  0.00172362 -0.03355044
  0.00080071]
==================================
kappa: 42.25112437168371
total_variation (exact): 0.5199675735060225
==================================
qc depth: 486
transpilation spends: 0.27994227409362793 sec
transpiled qc depth: 727
run job spends: 0.15573453903198242 sec
total var. (exact) time spent: 0.0010335445404052734
kappa: 42.25112437168371
total_variation (exp): 10.657013227358231
==================================
total execution time (exclude snapshot): 5.57978892326355
